136
381
164
179
394
439
8
370
317
202
27
286
325
226
274
317
233
482
254
387
245
376
25
287
52
494
157
265
491
406
91
138
276
132
227
212
301
464
316
258
334
483
57
343
398
320
298
32
296
270
123
184
166
251
130
188
435
405
411
434
332
94
32
228
259
166
105
345
464
400
432
152
204
291
68
499
327
455
41
420
257
365
327
492
314
219
121
47
490
233
85
118
332
327
10
424
255
6
500
355
89
412
169
51
163
250
351
306
155
491
451
500
274
270
23
266
433
235
354
366
105
456
68
88
367
98
402
184
124
232
477
276
256
133
465
212
199
254
51
134
212
393
86
382
189
439
444
441
13
75
468
136
500
426
340
193
264
356
413
418
378
102
449
315
435
59
477
137
94
257
214
40
165
168
479
187
468
382
278
466
174
390
280
295
117
273
285
209
293
279
228
346
369
26
103
459
31
247
258
455
235
496
389
276
187
177
281
379
381
335
41
66
498
259
53
439
370
498
305
72
113
120
210
35
481
323
124
99
199
93
26
453
231
480
403
484
412
239
436
66
104
177
446
336
170
225
172
436
373
195
32
477
385
120
393
108
291
9
474
309
202
333
461
69
134
268
6
163
343
183
418
298
346
52
441
188
100
198
464
353
467
224
407
23
347
67
17
113
403
470
309
36
208
158
66
176
104
425
259
202
39
447
391
346
335
99
224
43
359
35
78
208
174
105
181
251
191
235
317
184
260
255
108
132
223
41
71
50
61
45
91
344
158
286
98
456
162
492
197
281
353
190
137
314
151
269
228
495
263
435
444
240
211
136
288
234
283
252
323
90
240
2
39
28
58
72
195
314
322
245
18
377
187
482
113
132
405
101
7
185
132
416
258
101
64
138
235
362
486
217
402
82
401
134
20
207
486
233
9
340
64
180
7
313
492
363
197
194
101
158
362
332
111
318
367
74
10
100
73
459
191
322
324
309
423
304
258
385
170
26
9
101
438
231
377
237
211
39
273
189
214
54
153
223
193
438
66
242
126
99
418
290
197
103
126
117
173
352
358
208
197
204
239
244
5
302
32
413
460
171
112
375
149
88
431
485
155
236
406
358
172
148
438
426
173
364
209
12
45
122
4
300
193
35
325
357
188
426
439
422
